tests/data/h2i/de_tol_small/case1/grids/node_dem.dia
NCOLS                 642
NROWS                 706
XLLCORNER         126627.000000000000
YLLCORNER         463947.000000000000
CELLSIZE             0.50
NODATA_VALUE         0
[rows 252 to 293 of 706, columns 470 to 563 of 642]
808 808 808 808 808 808 808 808 808 808 883 883 883 883 883 883 883 883 883 883 883 883 883 883 883 883 883 883 883 883 885 885 885 885 885 885 885 885 885 885 885 885 885 885 885 885 885 885 885 885 958 958 958 958 958 958 958 958 958 958 958 958 958 958 958 958 958 958 958 958 961 961 961 961 961 961 961 961 961 961 964 964 964 964 964 964 964 964 964 964 1020 1020 1020 1020
808 808 808 808 808 808 808 808 808 808 883 883 883 883 883 883 883 883 883 883 883 883 883 883 883 883 883 883 883 883 885 885 885 885 885 885 885 885 885 885 885 885 885 885 885 885 885 885 885 885 958 958 958 958 958 958 958 958 958 958 958 958 958 958 958 958 958 958 958 958 961 961 961 961 961 961 961 961 961 961 964 964 964 964 964 964 964 964 964 964 1020 1020 1020 1020
808 808 808 808 808 808 808 808 808 808 883 883 883 883 883 883 883 883 883 883 883 883 883 883 883 883 883 883 883 883 885 885 885 885 885 885 885 885 885 885 885 885 885 885 885 885 885 885 885 885 958 958 958 958 958 958 958 958 958 958 958 958 958 958 958 958 958 958 958 958 961 961 961 961 961 961 961 961 961 961 964 964 964 964 964 964 964 964 964 964 1020 1020 1020 1020
808 808 808 808 808 808 808 808 808 808 883 883 883 883 883 883 883 883 883 883 883 883 883 883 883 883 883 883 883 883 885 885 885 885 885 885 885 885 885 885 885 885 885 885 885 885 885 885 885 885 958 958 958 958 958 958 958 958 958 958 958 958 958 958 958 958 958 958 958 958 961 961 961 961 961 961 961 961 961 961 964 964 964 964 964 964 964 964 964 964 1020 1020 1020 1020
808 808 808 808 808 808 808 808 808 808 883 883 883 883 883 883 883 883 883 883 883 883 883 883 883 883 883 883 883 883 885 885 885 885 885 885 885 885 885 885 885 885 885 885 885 885 885 885 885 885 958 958 958 958 958 958 958 958 958 958 958 958 958 958 958 958 958 958 958 958 960 960 960 960 960 960 960 960 960 960 963 963 963 963 963 963 963 963 963 963 1019 1019 1019 1019
808 808 808 808 808 808 808 808 808 808 883 883 883 883 883 883 883 883 883 883 883 883 883 883 883 883 883 883 883 883 885 885 885 885 885 885 885 885 885 885 885 885 885 885 885 885 885 885 885 885 958 958 958 958 958 958 958 958 958 958 958 958 958 958 958 958 958 958 958 958 960 960 960 960 960 960 960 960 960 960 963 963 963 963 963 963 963 963 963 963 1019 1019 1019 1019
808 808 808 808 808 808 808 808 808 808 883 883 883 883 883 883 883 883 883 883 883 883 883 883 883 883 883 883 883 883 885 885 885 885 885 885 885 885 885 885 885 885 885 885 885 885 885 885 885 885 958 958 958 958 958 958 958 958 958 958 958 958 958 958 958 958 958 958 958 958 960 960 960 960 960 960 960 960 960 960 963 963 963 963 963 963 963 963 963 963 1019 1019 1019 1019
808 808 808 808 808 808 808 808 808 808 883 883 883 883 883 883 883 883 883 883 883 883 883 883 883 883 883 883 883 883 885 885 885 885 885 885 885 885 885 885 885 885 885 885 885 885 885 885 885 885 958 958 958 958 958 958 958 958 958 958 958 958 958 958 958 958 958 958 958 958 960 960 960 960 960 960 960 960 960 960 963 963 963 963 963 963 963 963 963 963 1019 1019 1019 1019
808 808 808 808 808 808 808 808 808 808 883 883 883 883 883 883 883 883 883 883 883 883 883 883 883 883 883 883 883 883 885 885 885 885 885 885 885 885 885 885 885 885 885 885 885 885 885 885 885 885 958 958 958 958 958 958 958 958 958 958 958 958 958 958 958 958 958 958 958 958 960 960 960 960 960 960 960 960 960 960 963 963 963 963 963 963 963 963 963 963 1019 1019 1019 1019
808 808 808 808 808 808 808 808 808 808 883 883 883 883 883 883 883 883 883 883 883 883 883 883 883 883 883 883 883 883 885 885 885 885 885 885 885 885 885 885 885 885 885 885 885 885 885 885 885 885 958 958 958 958 958 958 958 958 958 958 958 958 958 958 958 958 958 958 958 958 960 960 960 960 960 960 960 960 960 960 963 963 963 963 963 963 963 963 963 963 1019 1019 1019 1019
808 808 808 808 808 808 808 808 808 808 883 883 883 883 883 883 883 883 883 883 883 883 883 883 883 883 883 883 883 883 885 885 885 885 885 885 885 885 885 885 885 885 885 885 885 885 885 885 885 885 958 958 958 958 958 958 958 958 958 958 958 958 958 958 958 958 958 958 958 958 960 960 960 960 960 960 960 960 960 960 963 963 963 963 963 963 963 963 963 963 1019 1019 1019 1019
808 808 808 808 808 808 808 808 808 808 883 883 883 883 883 883 883 883 883 883 883 883 883 883 883 883 883 883 883 883 885 885 885 885 885 885 885 885 885 885 885 885 885 885 885 885 885 885 885 885 958 958 958 958 958 958 958 958 958 958 958 958 958 958 958 958 958 958 958 958 960 960 960 960 960 960 960 960 960 960 963 963 963 963 963 963 963 963 963 963 1019 1019 1019 1019
808 808 808 808 808 808 808 808 808 808 883 883 883 883 883 883 883 883 883 883 883 883 883 883 883 883 883 883 883 883 885 885 885 885 885 885 885 885 885 885 885 885 885 885 885 885 885 885 885 885 958 958 958 958 958 958 958 958 958 958 958 958 958 958 958 958 958 958 958 958 960 960 960 960 960 960 960 960 960 960 963 963 963 963 963 963 963 963 963 963 1019 1019 1019 1019
808 808 808 808 808 808 808 808 808 808 883 883 883 883 883 883 883 883 883 883 883 883 883 883 883 883 883 883 883 883 885 885 885 885 885 885 885 885 885 885 885 885 885 885 885 885 885 885 885 885 958 958 958 958 958 958 958 958 958 958 958 958 958 958 958 958 958 958 958 958 960 960 960 960 960 960 960 960 960 960 963 963 963 963 963 963 963 963 963 963 1019 1019 1019 1019
807 807 807 807 807 807 807 807 807 807 871 871 871 871 871 871 871 871 871 871 871 871 871 871 871 871 871 871 871 871 877 877 877 877 877 877 877 877 877 877 882 882 882 882 882 882 882 882 882 882 941 941 941 941 941 941 941 941 941 941 946 946 946 946 946 946 946 946 946 946 951 951 951 951 951 951 951 951 951 951 956 956 956 956 956 956 956 956 956 956 1008 1008 1008 1008
807 807 807 807 807 807 807 807 807 807 871 871 871 871 871 871 871 871 871 871 871 871 871 871 871 871 871 871 871 871 877 877 877 877 877 877 877 877 877 877 882 882 882 882 882 882 882 882 882 882 941 941 941 941 941 941 941 941 941 941 946 946 946 946 946 946 946 946 946 946 951 951 951 951 951 951 951 951 951 951 956 956 956 956 956 956 956 956 956 956 1008 1008 1008 1008
807 807 807 807 807 807 807 807 807 807 871 871 871 871 871 871 871 871 871 871 871 871 871 871 871 871 871 871 871 871 877 877 877 877 877 877 877 877 877 877 882 882 882 882 882 882 882 882 882 882 941 941 941 941 941 941 941 941 941 941 946 946 946 946 946 946 946 946 946 946 951 951 951 951 951 951 951 951 951 951 956 956 956 956 956 956 956 956 956 956 1008 1008 1008 1008
807 807 807 807 807 807 807 807 807 807 871 871 871 871 871 871 871 871 871 871 871 871 871 871 871 871 871 871 871 871 877 877 877 877 877 877 877 877 877 877 882 882 882 882 882 882 882 882 882 882 941 941 941 941 941 941 941 941 941 941 946 946 946 946 946 946 946 946 946 946 951 951 951 951 951 951 951 951 951 951 956 956 956 956 956 956 956 956 956 956 1008 1008 1008 1008
807 807 807 807 807 807 807 807 807 807 871 871 871 871 871 871 871 871 871 871 871 871 871 871 871 871 871 871 871 871 877 877 877 877 877 877 877 877 877 877 882 882 882 882 882 882 882 882 882 882 941 941 941 941 941 941 941 941 941 941 946 946 946 946 946 946 946 946 946 946 951 951 951 951 951 951 951 951 951 951 956 956 956 956 956 956 956 956 956 956 1008 1008 1009 1009
807 807 807 807 807 807 807 807 807 807 871 871 871 871 871 871 871 871 871 871 871 871 871 871 871 871 871 871 871 871 877 877 877 877 877 877 877 877 877 877 882 882 882 882 882 882 882 882 882 882 941 941 941 941 941 941 941 941 941 941 946 946 946 946 946 946 946 946 946 946 951 951 951 951 951 951 951 951 951 951 956 956 956 956 956 956 956 956 956 956 1008 1009 1009 1009
807 807 807 807 807 807 807 807 807 807 871 871 871 871 871 871 871 871 871 871 871 871 871 871 871 871 871 871 871 871 877 877 877 877 877 877 877 877 877 877 882 882 882 882 882 882 882 882 882 882 941 941 941 941 941 941 941 941 941 941 946 946 946 946 946 946 946 946 946 946 951 951 951 951 951 951 951 951 951 951 956 956 956 956 956 956 956 956 956 957 1009 1009 1009 1009
807 807 807 807 807 807 807 807 807 807 871 871 871 871 871 871 871 871 871 871 871 871 871 871 871 871 871 871 871 871 877 877 877 877 877 877 877 877 877 877 882 882 882 882 882 882 882 882 882 882 941 941 941 941 941 941 941 941 941 941 946 946 946 946 946 946 946 946 946 946 951 951 951 951 951 951 951 951 951 951 956 956 956 956 956 956 956 956 957 957 1009 1009 1009 1009
807 807 807 807 807 807 807 807 807 807 871 871 871 871 871 871 871 871 871 871 871 871 871 871 871 871 871 871 871 871 877 877 877 877 877 877 877 877 877 877 882 882 882 882 882 882 882 882 882 882 941 941 941 941 941 941 941 941 941 941 946 946 946 946 946 946 946 946 946 946 951 951 951 951 951 951 951 951 951 951 956 956 956 956 956 956 956 957 957 957 1009 1009 1009 1009
807 807 807 807 807 807 807 807 807 807 871 871 871 871 871 871 871 871 871 871 871 871 871 871 871 871 871 871 871 871 877 877 877 877 877 877 877 877 877 877 882 882 882 882 882 882 882 882 882 882 941 941 941 941 941 941 941 941 941 941 946 946 946 946 946 946 946 946 946 946 951 951 951 951 951 951 951 951 951 951 956 956 956 956 957 957 957 957 957 957 1009 1009 1009 1009
807 807 807 807 807 807 807 807 807 807 871 871 871 871 871 871 871 871 871 871 871 871 871 871 871 871 871 871 871 871 876 876 876 876 876 876 876 876 876 876 881 881 881 881 881 881 881 881 881 881 940 940 940 940 940 940 940 940 940 940 945 945 945 945 945 945 945 945 945 945 949 949 949 949 949 949 949 949 949 949 954 954 954 954 955 955 955 955 955 955 1007 1007 1007 1007
807 807 807 807 807 807 807 807 807 807 871 871 871 871 871 871 871 871 871 871 871 871 871 871 871 871 871 871 871 871 876 876 876 876 876 876 876 876 876 876 881 881 881 881 881 881 881 881 881 881 940 940 940 940 940 940 940 940 940 940 945 945 945 945 945 945 945 945 945 945 949 949 949 949 949 949 949 949 949 949 954 954 955 955 955 955 955 955 955 955 1007 1007 1007 1007
807 807 807 807 807 807 807 807 807 807 871 871 871 871 871 871 871 871 871 871 871 871 871 871 871 871 871 871 871 871 876 876 876 876 876 876 876 876 876 876 881 881 881 881 881 881 881 881 881 881 940 940 940 940 940 940 940 940 940 940 945 945 945 945 945 945 945 945 945 945 949 949 949 949 949 949 949 949 949 949 954 955 955 955 955 955 955 955 955 955 1007 1007 1007 1007
807 807 807 807 807 807 807 807 807 807 871 871 871 871 871 871 871 871 871 871 871 871 871 871 871 871 871 871 871 871 876 876 876 876 876 876 876 876 876 876 881 881 881 881 881 881 881 881 881 881 940 940 940 940 940 940 940 940 940 940 945 945 945 945 945 945 945 945 945 945 949 949 949 949 949 949 949 949 949 950 955 955 955 955 955 955 955 955 955 955 1007 1007 1007 1007
807 807 807 807 807 807 807 807 807 807 871 871 871 871 871 871 871 871 871 871 871 871 871 871 871 871 871 871 871 871 876 876 876 876 876 876 876 876 876 876 881 881 881 881 881 881 881 881 881 881 940 940 940 940 940 940 940 940 940 940 945 945 945 945 945 945 945 945 945 945 949 949 949 949 949 949 949 949 950 950 955 955 955 955 955 955 955 955 955 955 1007 1007 1007 1007
807 807 807 807 807 807 807 807 807 807 871 871 871 871 871 871 871 871 871 871 871 871 871 871 871 871 871 871 871 871 876 876 876 876 876 876 876 876 876 876 881 881 881 881 881 881 881 881 881 881 940 940 940 940 940 940 940 940 940 940 945 945 945 945 945 945 945 945 945 945 949 949 949 949 949 949 950 950 950 950 955 955 955 955 955 955 955 955 955 955 1007 1007 1007 1007
807 807 807 807 807 807 807 807 807 807 871 871 871 871 871 871 871 871 871 871 871 871 871 871 871 871 871 871 871 871 876 876 876 876 876 876 876 876 876 876 881 881 881 881 881 881 881 881 881 881 940 940 940 940 940 940 940 940 940 940 945 945 945 945 945 945 945 945 945 945 949 949 949 949 949 950 950 950 950 950 955 955 955 955 955 955 955 955 955 955 1007 1007 1007 1007
807 807 807 807 807 807 807 807 807 807 871 871 871 871 871 871 871 871 871 871 871 871 871 871 871 871 871 871 871 871 876 876 876 876 876 876 876 876 876 876 881 881 881 881 881 881 881 881 881 881 940 940 940 940 940 940 940 940 940 940 945 945 945 945 945 945 945 945 945 945 949 949 949 950 950 950 950 950 950 950 955 955 955 955 955 955 955 955 955 955 1007 1007 1007 1007
807 807 807 807 807 807 807 807 807 807 871 871 871 871 871 871 871 871 871 871 871 871 871 871 871 871 871 871 871 871 876 876 876 876 876 876 876 876 876 876 881 881 881 881 881 881 881 881 881 881 940 940 940 940 940 940 940 940 940 940 945 945 945 945 945 945 945 945 945 945 949 949 950 950 950 950 950 950 950 950 955 955 955 955 955 955 955 955 955 955 1007 1007 1007 1007
807 807 807 807 807 807 807 807 807 807 871 871 871 871 871 871 871 871 871 871 871 871 871 871 871 871 871 871 871 871 876 876 876 876 876 876 876 876 876 876 881 881 881 881 881 881 881 881 881 881 940 940 940 940 940 940 940 940 940 940 945 945 945 945 945 945 945 945 945 945 950 950 950 950 950 950 950 950 950 950 955 955 955 955 955 955 955 955 955 955 1007 1007 1007 1007
806 806 806 806 806 806 806 806 806 806 870 870 870 870 870 870 870 870 870 870 873 873 873 873 873 873 873 873 873 873 875 875 875 875 875 875 875 875 875 875 880 880 880 880 880 880 880 880 880 880 938 938 938 938 938 938 938 938 938 938 943 943 943 943 943 943 943 943 943 944 948 948 948 948 948 948 948 948 948 948 953 953 953 953 953 953 953 953 953 953 1006 1006 1006 1006
806 806 806 806 806 806 806 806 806 806 870 870 870 870 870 870 870 870 870 870 873 873 873 873 873 873 873 873 873 873 875 875 875 875 875 875 875 875 875 875 880 880 880 880 880 880 880 880 880 880 938 938 938 938 938 938 938 938 938 938 943 943 943 943 943 943 943 943 944 944 948 948 948 948 948 948 948 948 948 948 953 953 953 953 953 953 953 953 953 953 1006 1006 1006 1006
806 806 806 806 806 806 806 806 806 806 870 870 870 870 870 870 870 870 870 870 873 873 873 873 873 873 873 873 873 873 875 875 875 875 875 875 875 875 875 875 880 880 880 880 880 880 880 880 880 880 938 938 938 938 938 938 938 938 938 938 943 943 943 943 943 943 944 944 944 944 948 948 948 948 948 948 948 948 948 948 953 953 953 953 953 953 953 953 953 953 1006 1006 1006 1006
806 806 806 806 806 806 806 806 806 806 870 870 870 870 870 870 870 870 870 870 873 873 873 873 873 873 873 873 873 873 875 875 875 875 875 875 875 875 875 875 880 880 880 880 880 880 880 880 880 880 938 938 938 938 938 938 938 938 938 938 943 943 943 943 943 944 944 944 944 944 948 948 948 948 948 948 948 948 948 948 953 953 953 953 953 953 953 953 953 953 1006 1006 1006 1006
806 806 806 806 806 806 806 806 806 806 870 870 870 870 870 870 870 870 870 870 873 873 873 873 873 873 873 873 873 873 875 875 875 875 875 875 875 875 875 875 880 880 880 880 880 880 880 880 880 880 938 938 938 938 938 938 938 938 938 938 943 943 943 944 944 944 944 944 944 944 948 948 948 948 948 948 948 948 948 948 953 953 953 953 953 953 953 953 953 953 1006 1006 1006 1006
806 806 806 806 806 806 806 806 806 806 870 870 870 870 870 870 870 870 870 870 873 873 873 873 873 873 873 873 873 873 875 875 875 875 875 875 875 875 875 875 880 880 880 880 880 880 880 880 880 880 938 938 938 938 938 938 938 938 938 938 943 943 944 944 944 944 944 944 944 944 948 948 948 948 948 948 948 948 948 948 953 953 953 953 953 953 953 953 953 953 1006 1006 1006 1006
806 806 806 806 806 806 806 806 806 806 870 870 870 870 870 870 870 870 870 870 873 873 873 873 873 873 873 873 873 873 875 875 875 875 875 875 875 875 875 875 880 880 880 880 880 880 880 880 880 880 938 938 938 938 938 938 938 938 938 938 943 944 944 944 944 944 944 944 944 944 948 948 948 948 948 948 948 948 948 948 953 953 953 953 953 953 953 953 953 953 1006 1006 1006 1006
806 806 806 806 806 806 806 806 806 806 870 870 870 870 870 870 870 870 870 870 873 873 873 873 873 873 873 873 873 873 875 875 875 875 875 875 875 875 875 875 880 880 880 880 880 880 880 880 880 880 938 938 938 938 938 938 938 938 938 939 944 944 944 944 944 944 944 944 944 944 948 948 948 948 948 948 948 948 948 948 953 953 953 953 953 953 953 953 953 953 1006 1006 1006 1006
