tests/data/h2i/de_tol_small/case1/grids/node_dem.dia
NCOLS                 642
NROWS                 706
XLLCORNER         126627.000000000000
YLLCORNER         463947.000000000000
CELLSIZE             0.50
NODATA_VALUE         0
[rows 336 to 377 of 706, columns 376 to 469 of 642]
637 637 637 637 639 639 639 639 639 639 639 639 639 639 639 639 639 639 639 639 639 639 639 639 718 718 718 718 718 718 718 718 718 718 718 718 718 718 718 718 718 718 718 718 720 720 720 720 720 720 720 720 720 720 723 723 723 723 723 723 723 723 723 723 784 784 784 784 784 784 784 784 784 784 788 788 788 788 788 788 788 788 788 788 793 793 793 793 793 793 793 794 794 794
637 637 637 637 639 639 639 639 639 639 639 639 639 639 639 639 639 639 639 639 639 639 639 639 718 718 718 718 718 718 718 718 718 718 718 718 718 718 718 718 718 718 718 718 720 720 720 720 720 720 720 720 720 720 723 723 723 723 723 723 723 723 723 723 784 784 784 784 784 784 784 784 784 784 788 788 788 788 788 788 788 788 788 788 793 793 793 793 794 794 794 794 794 794
637 637 637 637 639 639 639 639 639 639 639 639 639 639 639 639 639 639 639 639 639 639 639 639 718 718 718 718 718 718 718 718 718 718 718 718 718 718 718 718 718 718 718 718 720 720 720 720 720 720 720 720 720 720 723 723 723 723 723 723 723 723 723 723 784 784 784 784 784 784 784 784 784 784 788 788 788 788 788 788 788 788 788 788 793 793 793 794 794 794 794 794 794 794
637 637 637 637 639 639 639 639 639 639 639 639 639 639 639 639 639 639 639 639 639 639 639 639 718 718 718 718 718 718 718 718 718 718 718 718 718 718 718 718 718 718 718 718 720 720 720 720 720 720 720 720 720 720 723 723 723 723 723 723 723 723 723 723 784 784 784 784 784 784 784 784 784 784 788 788 788 788 788 788 788 788 788 788 793 793 794 794 794 794 794 794 794 794
637 637 637 637 639 639 639 639 639 639 639 639 639 639 639 639 639 639 639 639 639 639 639 639 718 718 718 718 718 718 718 718 718 718 718 718 718 718 718 718 718 718 718 718 720 720 720 720 720 720 720 720 720 720 723 723 723 723 723 723 723 723 723 723 784 784 784 784 784 784 784 784 784 784 788 788 788 788 788 788 788 788 788 788 793 794 794 794 794 794 794 794 794 794
637 637 637 637 639 639 639 639 639 639 639 639 639 639 639 639 639 639 639 639 639 639 639 639 718 718 718 718 718 718 718 718 718 718 718 718 718 718 718 718 718 718 718 718 720 720 720 720 720 720 720 720 720 720 723 723 723 723 723 723 723 723 723 723 784 784 784 784 784 784 784 784 784 784 788 788 788 788 788 788 788 788 788 789 794 794 794 794 794 794 794 794 794 794
637 637 637 637 639 639 639 639 639 639 639 639 639 639 639 639 639 639 639 639 639 639 639 639 718 718 718 718 718 718 718 718 718 718 718 718 718 718 718 718 718 718 718 718 720 720 720 720 720 720 720 720 720 720 723 723 723 723 723 723 723 723 723 723 784 784 784 784 784 784 784 784 784 784 788 788 788 788 788 788 788 789 789 789 794 794 794 794 794 794 794 794 794 794
637 637 637 637 639 639 639 639 639 639 639 639 639 639 639 639 639 639 639 639 639 639 639 639 718 718 718 718 718 718 718 718 718 718 718 718 718 718 718 718 718 718 718 718 720 720 720 720 720 720 720 720 720 720 723 723 723 723 723 723 723 723 723 723 784 784 784 784 784 784 784 784 784 784 788 788 788 788 788 788 789 789 789 789 794 794 794 794 794 794 794 794 794 794
637 637 637 637 639 639 639 639 639 639 639 639 639 639 639 639 639 639 639 639 639 639 639 639 718 718 718 718 718 718 718 718 718 718 718 718 718 718 718 718 718 718 718 718 720 720 720 720 720 720 720 720 720 720 723 723 723 723 723 723 723 723 723 723 784 784 784 784 784 784 784 784 784 784 788 788 788 788 789 789 789 789 789 789 794 794 794 794 794 794 794 794 794 794
637 637 637 637 639 639 639 639 639 639 639 639 639 639 639 639 639 639 639 639 639 639 639 639 718 718 718 718 718 718 718 718 718 718 718 718 718 718 718 718 718 718 718 718 720 720 720 720 720 720 720 720 720 720 723 723 723 723 723 723 723 723 723 723 784 784 784 784 784 784 784 784 784 784 788 788 789 789 789 789 789 789 789 789 794 794 794 794 794 794 794 794 794 794
625 625 625 625 631 631 631 631 631 631 631 631 631 631 636 636 636 636 636 636 636 636 636 636 700 700 700 700 700 700 700 700 700 700 705 705 705 705 705 705 705 705 705 705 711 711 711 711 711 711 711 711 711 711 716 716 716 716 716 716 716 716 716 716 772 772 772 772 772 772 772 772 772 772 777 777 778 778 778 778 778 778 778 778 780 780 780 780 780 780 780 780 780 780
625 625 625 625 631 631 631 631 631 631 631 631 631 631 636 636 636 636 636 636 636 636 636 636 700 700 700 700 700 700 700 700 700 700 705 705 705 705 705 705 705 705 705 705 711 711 711 711 711 711 711 711 711 711 716 716 716 716 716 716 716 716 716 716 772 772 772 772 772 772 772 772 772 773 778 778 778 778 778 778 778 778 778 778 780 780 780 780 780 780 780 780 780 780
625 625 625 625 631 631 631 631 631 631 631 631 631 631 636 636 636 636 636 636 636 636 636 636 700 700 700 700 700 700 700 700 700 700 705 705 705 705 705 705 705 705 705 705 711 711 711 711 711 711 711 711 711 711 716 716 716 716 716 716 716 716 716 716 772 772 772 772 772 772 772 772 773 773 778 778 778 778 778 778 778 778 778 778 780 780 780 780 780 780 780 780 780 780
625 625 625 625 631 631 631 631 631 631 631 631 631 631 636 636 636 636 636 636 636 636 636 636 700 700 700 700 700 700 700 700 700 700 705 705 705 705 705 705 705 705 705 705 711 711 711 711 711 711 711 711 711 711 716 716 716 716 716 716 716 716 716 716 772 772 772 772 772 772 772 773 773 773 778 778 778 778 778 778 778 778 778 778 780 780 780 780 780 780 780 780 780 780
625 625 625 625 631 631 631 631 631 631 631 631 631 631 636 636 636 636 636 636 636 636 636 636 700 700 700 700 700 700 700 700 700 700 705 705 705 705 705 705 705 705 705 705 711 711 711 711 711 711 711 711 711 711 716 716 716 716 716 716 716 716 716 716 772 772 772 772 772 773 773 773 773 773 778 778 778 778 778 778 778 778 778 778 780 780 780 780 780 780 780 780 780 780
625 625 625 625 631 631 631 631 631 631 631 631 631 631 636 636 636 636 636 636 636 636 636 636 700 700 700 700 700 700 700 700 700 700 705 705 705 705 705 705 705 705 705 705 711 711 711 711 711 711 711 711 711 711 716 716 716 716 716 716 716 716 716 716 772 772 772 772 773 773 773 773 773 773 778 778 778 778 778 778 778 778 778 778 780 780 780 780 780 780 780 780 780 780
625 625 625 625 631 631 631 631 631 631 631 631 631 631 636 636 636 636 636 636 636 636 636 636 700 700 700 700 700 700 700 700 700 700 705 705 705 705 705 705 705 705 705 705 711 711 711 711 711 711 711 711 711 711 716 716 716 716 716 716 716 716 716 716 772 772 772 773 773 773 773 773 773 773 778 778 778 778 778 778 778 778 778 778 780 780 780 780 780 780 780 780 780 780
625 625 625 625 631 631 631 631 631 631 631 631 631 631 636 636 636 636 636 636 636 636 636 636 700 700 700 700 700 700 700 700 700 700 705 705 705 705 705 705 705 705 705 705 711 711 711 711 711 711 711 711 711 711 716 716 716 716 716 716 716 716 716 716 772 773 773 773 773 773 773 773 773 773 778 778 778 778 778 778 778 778 778 778 780 780 780 780 780 780 780 780 780 780
625 625 625 625 631 631 631 631 631 631 631 631 631 631 636 636 636 636 636 636 636 636 636 636 700 700 700 700 700 700 700 700 700 700 705 705 705 705 705 705 705 705 705 705 711 711 711 711 711 711 711 711 711 711 716 716 716 716 716 716 716 716 716 717 773 773 773 773 773 773 773 773 773 773 778 778 778 778 778 778 778 778 778 778 780 780 780 780 780 780 780 780 780 780
625 625 625 625 631 631 631 631 631 631 631 631 631 631 636 636 636 636 636 636 636 636 636 636 700 700 700 700 700 700 700 700 700 700 705 705 705 705 705 705 705 705 705 705 711 711 711 711 711 711 711 711 711 711 716 716 716 716 716 716 716 717 717 717 773 773 773 773 773 773 773 773 773 773 778 778 778 778 778 778 778 778 778 778 780 780 780 780 780 780 780 780 780 780
625 625 625 625 630 630 630 630 630 630 630 630 630 630 635 635 635 635 635 635 635 635 635 635 699 699 699 699 699 699 699 699 699 699 704 704 704 704 704 704 704 704 704 704 709 709 709 709 709 709 709 709 709 709 714 714 714 714 714 714 714 715 715 715 771 771 771 771 771 771 771 771 771 771 776 776 776 776 776 776 776 776 776 776 779 779 779 779 779 779 779 779 779 779
625 625 625 625 630 630 630 630 630 630 630 630 630 630 635 635 635 635 635 635 635 635 635 635 699 699 699 699 699 699 699 699 699 699 704 704 704 704 704 704 704 704 704 704 709 709 709 709 709 709 709 709 709 709 714 714 714 714 714 715 715 715 715 715 771 771 771 771 771 771 771 771 771 771 776 776 776 776 776 776 776 776 776 776 779 779 779 779 779 779 779 779 779 779
625 625 625 625 630 630 630 630 630 630 630 630 630 630 635 635 635 635 635 635 635 635 635 635 699 699 699 699 699 699 699 699 699 699 704 704 704 704 704 704 704 704 704 704 709 709 709 709 709 709 709 709 709 709 714 714 714 714 715 715 715 715 715 715 771 771 771 771 771 771 771 771 771 771 776 776 776 776 776 776 776 776 776 776 779 779 779 779 779 779 779 779 779 779
625 625 625 625 630 630 630 630 630 630 630 630 630 630 635 635 635 635 635 635 635 635 635 635 699 699 699 699 699 699 699 699 699 699 704 704 704 704 704 704 704 704 704 704 709 709 709 709 709 709 709 709 709 709 714 714 715 715 715 715 715 715 715 715 771 771 771 771 771 771 771 771 771 771 776 776 776 776 776 776 776 776 776 776 779 779 779 779 779 779 779 779 779 779
625 625 625 625 630 630 630 630 630 630 630 630 630 630 635 635 635 635 635 635 635 635 635 635 699 699 699 699 699 699 699 699 699 699 704 704 704 704 704 704 704 704 704 704 709 709 709 709 709 709 709 709 709 709 714 715 715 715 715 715 715 715 715 715 771 771 771 771 771 771 771 771 771 771 776 776 776 776 776 776 776 776 776 776 779 779 779 779 779 779 779 779 779 779
625 625 625 625 630 630 630 630 630 630 630 630 630 630 635 635 635 635 635 635 635 635 635 635 699 699 699 699 699 699 699 699 699 699 704 704 704 704 704 704 704 704 704 704 709 709 709 709 709 709 709 709 709 710 715 715 715 715 715 715 715 715 715 715 771 771 771 771 771 771 771 771 771 771 776 776 776 776 776 776 776 776 776 776 779 779 779 779 779 779 779 779 779 779
625 625 625 625 630 630 630 630 630 630 630 630 630 630 635 635 635 635 635 635 635 635 635 635 699 699 699 699 699 699 699 699 699 699 704 704 704 704 704 704 704 704 704 704 709 709 709 709 709 709 709 709 710 710 715 715 715 715 715 715 715 715 715 715 771 771 771 771 771 771 771 771 771 771 776 776 776 776 776 776 776 776 776 776 779 779 779 779 779 779 779 779 779 779
625 625 625 625 630 630 630 630 630 630 630 630 630 630 635 635 635 635 635 635 635 635 635 635 699 699 699 699 699 699 699 699 699 699 704 704 704 704 704 704 704 704 704 704 709 709 709 709 709 709 710 710 710 710 715 715 715 715 715 715 715 715 715 715 771 771 771 771 771 771 771 771 771 771 776 776 776 776 776 776 776 776 776 776 779 779 779 779 779 779 779 779 779 779
625 625 625 625 630 630 630 630 630 630 630 630 630 630 635 635 635 635 635 635 635 635 635 635 699 699 699 699 699 699 699 699 699 699 704 704 704 704 704 704 704 704 704 704 709 709 709 709 709 710 710 710 710 710 715 715 715 715 715 715 715 715 715 715 771 771 771 771 771 771 771 771 771 771 776 776 776 776 776 776 776 776 776 776 779 779 779 779 779 779 779 779 779 779
625 625 625 625 630 630 630 630 630 630 630 630 630 630 635 635 635 635 635 635 635 635 635 635 699 699 699 699 699 699 699 699 699 699 704 704 704 704 704 704 704 704 704 704 709 709 709 710 710 710 710 710 710 710 715 715 715 715 715 715 715 715 715 715 771 771 771 771 771 771 771 771 771 771 776 776 776 776 776 776 776 776 776 776 779 779 779 779 779 779 779 779 779 779
627 627 627 627 629 629 629 629 629 629 629 629 629 629 634 634 634 634 634 634 634 634 634 634 697 697 697 697 697 697 697 697 697 697 702 702 702 702 702 702 702 702 702 702 707 707 707 708 708 708 708 708 708 708 713 713 713 713 713 713 713 713 713 713 770 770 770 770 770 770 770 770 770 770 775 775 775 775 775 775 775 775 775 775 781 781 781 781 781 781 781 781 781 781
627 627 627 627 629 629 629 629 629 629 629 629 629 629 634 634 634 634 634 634 634 634 634 634 697 697 697 697 697 697 697 697 697 697 702 702 702 702 702 702 702 702 702 702 707 708 708 708 708 708 708 708 708 708 713 713 713 713 713 713 713 713 713 713 770 770 770 770 770 770 770 770 770 770 775 775 775 775 775 775 775 775 775 775 781 781 781 781 781 781 781 781 781 781
627 627 627 627 629 629 629 629 629 629 629 629 629 629 634 634 634 634 634 634 634 634 634 634 697 697 697 697 697 697 697 697 697 697 702 702 702 702 702 702 702 702 702 703 708 708 708 708 708 708 708 708 708 708 713 713 713 713 713 713 713 713 713 713 770 770 770 770 770 770 770 770 770 770 775 775 775 775 775 775 775 775 775 775 781 781 781 781 781 781 781 781 781 781
627 627 627 627 629 629 629 629 629 629 629 629 629 629 634 634 634 634 634 634 634 634 634 634 697 697 697 697 697 697 697 697 697 697 702 702 702 702 702 702 702 702 703 703 708 708 708 708 708 708 708 708 708 708 713 713 713 713 713 713 713 713 713 713 770 770 770 770 770 770 770 770 770 770 775 775 775 775 775 775 775 775 775 775 781 781 781 781 781 781 781 781 781 781
627 627 627 627 629 629 629 629 629 629 629 629 629 629 634 634 634 634 634 634 634 634 634 634 697 697 697 697 697 697 697 697 697 697 702 702 702 702 702 702 703 703 703 703 708 708 708 708 708 708 708 708 708 708 713 713 713 713 713 713 713 713 713 713 770 770 770 770 770 770 770 770 770 770 775 775 775 775 775 775 775 775 775 775 781 781 781 781 781 781 781 781 781 781
627 627 627 627 629 629 629 629 629 629 629 629 629 629 634 634 634 634 634 634 634 634 634 634 697 697 697 697 697 697 697 697 697 697 702 702 702 702 702 703 703 703 703 703 708 708 708 708 708 708 708 708 708 708 713 713 713 713 713 713 713 713 713 713 770 770 770 770 770 770 770 770 770 770 775 775 775 775 775 775 775 775 775 775 781 781 781 781 781 781 781 781 781 781
627 627 627 627 629 629 629 629 629 629 629 629 629 629 634 634 634 634 634 634 634 634 634 634 697 697 697 697 697 697 697 697 697 697 702 702 702 703 703 703 703 703 703 703 708 708 708 708 708 708 708 708 708 708 713 713 713 713 713 713 713 713 713 713 770 770 770 770 770 770 770 770 770 770 775 775 775 775 775 775 775 775 775 775 781 781 781 781 781 781 781 781 781 781
627 627 627 627 629 629 629 629 629 629 629 629 629 629 634 634 634 634 634 634 634 634 634 634 697 697 697 697 697 697 697 697 697 697 702 702 703 703 703 703 703 703 703 703 708 708 708 708 708 708 708 708 708 708 713 713 713 713 713 713 713 713 713 713 770 770 770 770 770 770 770 770 770 770 775 775 775 775 775 775 775 775 775 775 781 781 781 781 781 781 781 781 781 781
627 627 627 627 629 629 629 629 629 629 629 629 629 629 634 634 634 634 634 634 634 634 634 634 697 697 697 697 697 697 697 697 697 697 702 703 703 703 703 703 703 703 703 703 708 708 708 708 708 708 708 708 708 708 713 713 713 713 713 713 713 713 713 713 770 770 770 770 770 770 770 770 770 770 775 775 775 775 775 775 775 775 775 775 781 781 781 781 781 781 781 781 781 781
627 627 627 627 629 629 629 629 629 629 629 629 629 629 634 634 634 634 634 634 634 634 634 634 697 697 697 697 697 697 697 697 698 698 703 703 703 703 703 703 703 703 703 703 708 708 708 708 708 708 708 708 708 708 713 713 713 713 713 713 713 713 713 713 770 770 770 770 770 770 770 770 770 770 775 775 775 775 775 775 775 775 775 775 781 781 781 781 781 781 781 781 781 781
626 626 626 626 628 628 628 628 628 628 628 628 628 628 632 632 632 632 632 632 632 632 632 632 695 695 695 695 695 695 695 695 696 696 701 701 701 701 701 701 701 701 701 701 706 706 706 706 706 706 706 706 706 706 712 712 712 712 712 712 712 712 712 712 769 769 769 769 769 769 769 769 769 769 774 774 774 774 774 774 774 774 774 774 781 781 781 781 781 781 781 781 781 781
626 626 626 626 628 628 628 628 628 628 628 628 628 628 632 632 632 632 632 632 632 632 632 632 695 695 695 695 695 695 696 696 696 696 701 701 701 701 701 701 701 701 701 701 706 706 706 706 706 706 706 706 706 706 712 712 712 712 712 712 712 712 712 712 769 769 769 769 769 769 769 769 769 769 774 774 774 774 774 774 774 774 774 774 781 781 781 781 781 781 781 781 781 781
