tests/data/h2i/de_tol_small/case1/grids/node_dem.dia
NCOLS                 642
NROWS                 706
XLLCORNER         126627.000000000000
YLLCORNER         463947.000000000000
CELLSIZE             0.50
NODATA_VALUE         0
[rows 420 to 461 of 706, columns 282 to 375 of 642]
502 502 502 502 502 502 502 502 502 502 502 502 502 502 502 502 502 502 504 504 504 504 504 504 504 504 504 504 507 507 507 507 507 507 507 507 507 507 552 552 552 552 552 552 552 552 552 552 555 555 555 555 555 555 555 555 555 555 558 558 558 559 559 559 559 559 559 559 563 563 563 563 563 563 563 563 563 563 602 602 602 602 602 602 602 602 602 602 608 608 608 608 608 608
502 502 502 502 502 502 502 502 502 502 502 502 502 502 502 502 502 502 504 504 504 504 504 504 504 504 504 504 507 507 507 507 507 507 507 507 507 507 552 552 552 552 552 552 552 552 552 552 555 555 555 555 555 555 555 555 555 555 558 558 559 559 559 559 559 559 559 559 563 563 563 563 563 563 563 563 563 563 602 602 602 602 602 602 602 602 602 602 608 608 608 608 608 608
502 502 502 502 502 502 502 502 502 502 502 502 502 502 502 502 502 502 504 504 504 504 504 504 504 504 504 504 507 507 507 507 507 507 507 507 507 507 552 552 552 552 552 552 552 552 552 552 555 555 555 555 555 555 555 555 555 555 558 559 559 559 559 559 559 559 559 559 563 563 563 563 563 563 563 563 563 563 602 602 602 602 602 602 602 602 602 602 608 608 608 608 608 608
502 502 502 502 502 502 502 502 502 502 502 502 502 502 502 502 502 502 504 504 504 504 504 504 504 504 504 504 507 507 507 507 507 507 507 507 507 507 552 552 552 552 552 552 552 552 552 552 555 555 555 555 555 555 555 555 555 556 559 559 559 559 559 559 559 559 559 559 563 563 563 563 563 563 563 563 563 563 602 602 602 602 602 602 602 602 602 602 608 608 608 608 608 608
502 502 502 502 502 502 502 502 502 502 502 502 502 502 502 502 502 502 504 504 504 504 504 504 504 504 504 504 507 507 507 507 507 507 507 507 507 507 552 552 552 552 552 552 552 552 552 552 555 555 555 555 555 555 555 556 556 556 559 559 559 559 559 559 559 559 559 559 563 563 563 563 563 563 563 563 563 563 602 602 602 602 602 602 602 602 602 602 608 608 608 608 608 608
502 502 502 502 502 502 502 502 502 502 502 502 502 502 502 502 502 502 504 504 504 504 504 504 504 504 504 504 507 507 507 507 507 507 507 507 507 507 552 552 552 552 552 552 552 552 552 552 555 555 555 555 555 556 556 556 556 556 559 559 559 559 559 559 559 559 559 559 563 563 563 563 563 563 563 563 563 563 602 602 602 602 602 602 602 602 602 602 608 608 608 608 608 608
484 484 484 484 484 484 484 484 490 490 490 490 490 490 490 490 490 490 496 496 496 496 496 496 496 496 496 496 501 501 501 501 501 501 501 501 501 501 540 540 540 540 540 540 540 540 540 540 545 545 545 545 545 546 546 546 546 546 548 548 548 548 548 548 548 548 548 548 551 551 551 551 551 551 551 551 551 551 599 599 599 599 599 599 599 599 599 599 599 599 599 599 599 599
484 484 484 484 484 484 484 484 490 490 490 490 490 490 490 490 490 490 496 496 496 496 496 496 496 496 496 496 501 501 501 501 501 501 501 501 501 501 540 540 540 540 540 540 540 540 540 540 545 545 545 546 546 546 546 546 546 546 548 548 548 548 548 548 548 548 548 548 551 551 551 551 551 551 551 551 551 551 599 599 599 599 599 599 599 599 599 599 599 599 599 599 599 599
484 484 484 484 484 484 484 484 490 490 490 490 490 490 490 490 490 490 496 496 496 496 496 496 496 496 496 496 501 501 501 501 501 501 501 501 501 501 540 540 540 540 540 540 540 540 540 540 545 546 546 546 546 546 546 546 546 546 548 548 548 548 548 548 548 548 548 548 551 551 551 551 551 551 551 551 551 551 599 599 599 599 599 599 599 599 599 599 599 599 599 599 599 599
484 484 484 484 484 484 484 484 490 490 490 490 490 490 490 490 490 490 496 496 496 496 496 496 496 496 496 496 501 501 501 501 501 501 501 501 501 501 540 540 540 540 540 540 540 540 540 541 546 546 546 546 546 546 546 546 546 546 548 548 548 548 548 548 548 548 548 548 551 551 551 551 551 551 551 551 551 551 599 599 599 599 599 599 599 599 599 599 599 599 599 599 599 599
484 484 484 484 484 484 484 484 490 490 490 490 490 490 490 490 490 490 496 496 496 496 496 496 496 496 496 496 501 501 501 501 501 501 501 501 501 501 540 540 540 540 540 540 540 540 540 541 546 546 546 546 546 546 546 546 546 546 548 548 548 548 548 548 548 548 548 548 551 551 551 551 551 551 551 551 551 551 599 599 599 599 599 599 599 599 599 599 599 599 599 599 599 599
484 484 484 484 484 484 484 484 490 490 490 490 490 490 490 490 490 490 496 496 496 496 496 496 496 496 496 496 501 501 501 501 501 501 501 501 501 501 540 540 540 540 540 540 540 541 541 541 546 546 546 546 546 546 546 546 546 546 548 548 548 548 548 548 548 548 548 548 551 551 551 551 551 551 551 551 551 551 599 599 599 599 599 599 599 599 599 599 599 599 599 599 599 599
484 484 484 484 484 484 484 484 490 490 490 490 490 490 490 490 490 490 496 496 496 496 496 496 496 496 496 496 501 501 501 501 501 501 501 501 501 501 540 540 540 540 540 540 541 541 541 541 546 546 546 546 546 546 546 546 546 546 548 548 548 548 548 548 548 548 548 548 551 551 551 551 551 551 551 551 551 551 599 599 599 599 599 599 599 599 599 599 599 599 599 599 599 599
484 484 484 484 484 484 484 484 490 490 490 490 490 490 490 490 490 490 496 496 496 496 496 496 496 496 496 496 501 501 501 501 501 501 501 501 501 501 540 540 540 540 541 541 541 541 541 541 546 546 546 546 546 546 546 546 546 546 548 548 548 548 548 548 548 548 548 548 551 551 551 551 551 551 551 551 551 551 599 599 599 599 599 599 599 599 599 599 599 599 599 599 599 599
484 484 484 484 484 484 484 484 490 490 490 490 490 490 490 490 490 490 496 496 496 496 496 496 496 496 496 496 501 501 501 501 501 501 501 501 501 501 540 540 540 541 541 541 541 541 541 541 546 546 546 546 546 546 546 546 546 546 548 548 548 548 548 548 548 548 548 548 551 551 551 551 551 551 551 551 551 551 599 599 599 599 599 599 599 599 599 599 599 599 599 599 599 599
484 484 484 484 484 484 484 484 490 490 490 490 490 490 490 490 490 490 496 496 496 496 496 496 496 496 496 496 501 501 501 501 501 501 501 501 501 501 540 541 541 541 541 541 541 541 541 541 546 546 546 546 546 546 546 546 546 546 548 548 548 548 548 548 548 548 548 548 551 551 551 551 551 551 551 551 551 551 599 599 599 599 599 599 599 599 599 599 599 599 599 599 599 599
483 483 483 483 483 483 483 483 489 489 489 489 489 489 489 489 489 489 494 494 494 494 494 494 494 494 494 494 499 499 499 499 499 499 499 499 499 499 539 539 539 539 539 539 539 539 539 539 544 544 544 544 544 544 544 544 544 544 547 547 547 547 547 547 547 547 547 547 550 550 550 550 550 550 550 550 550 550 599 599 599 599 599 599 599 599 599 599 599 599 599 599 599 599
483 483 483 483 483 483 483 483 489 489 489 489 489 489 489 489 489 489 494 494 494 494 494 494 494 494 494 494 499 499 499 499 499 499 499 499 500 500 539 539 539 539 539 539 539 539 539 539 544 544 544 544 544 544 544 544 544 544 547 547 547 547 547 547 547 547 547 547 550 550 550 550 550 550 550 550 550 550 599 599 599 599 599 599 599 599 599 599 599 599 599 599 599 599
483 483 483 483 483 483 483 483 489 489 489 489 489 489 489 489 489 489 494 494 494 494 494 494 494 494 494 494 499 499 499 499 499 499 499 500 500 500 539 539 539 539 539 539 539 539 539 539 544 544 544 544 544 544 544 544 544 544 547 547 547 547 547 547 547 547 547 547 550 550 550 550 550 550 550 550 550 550 599 599 599 599 599 599 599 599 599 599 599 599 599 599 599 599
483 483 483 483 483 483 483 483 489 489 489 489 489 489 489 489 489 489 494 494 494 494 494 494 494 494 494 494 499 499 499 499 499 500 500 500 500 500 539 539 539 539 539 539 539 539 539 539 544 544 544 544 544 544 544 544 544 544 547 547 547 547 547 547 547 547 547 547 550 550 550 550 550 550 550 550 550 550 599 599 599 599 599 599 599 599 599 599 599 599 599 599 599 599
483 483 483 483 483 483 483 483 489 489 489 489 489 489 489 489 489 489 494 494 494 494 494 494 494 494 494 494 499 499 499 499 500 500 500 500 500 500 539 539 539 539 539 539 539 539 539 539 544 544 544 544 544 544 544 544 544 544 547 547 547 547 547 547 547 547 547 547 550 550 550 550 550 550 550 550 550 550 599 599 599 599 599 599 599 599 599 599 599 599 599 599 599 599
483 483 483 483 483 483 483 483 489 489 489 489 489 489 489 489 489 489 494 494 494 494 494 494 494 494 494 494 499 499 500 500 500 500 500 500 500 500 539 539 539 539 539 539 539 539 539 539 544 544 544 544 544 544 544 544 544 544 547 547 547 547 547 547 547 547 547 547 550 550 550 550 550 550 550 550 550 550 599 599 599 599 599 599 599 599 599 599 599 599 599 599 599 599
483 483 483 483 483 483 483 483 489 489 489 489 489 489 489 489 489 489 494 494 494 494 494 494 494 494 494 494 499 500 500 500 500 500 500 500 500 500 539 539 539 539 539 539 539 539 539 539 544 544 544 544 544 544 544 544 544 544 547 547 547 547 547 547 547 547 547 547 550 550 550 550 550 550 550 550 550 550 599 599 599 599 599 599 599 599 599 599 599 599 599 599 599 599
483 483 483 483 483 483 483 483 489 489 489 489 489 489 489 489 489 489 494 494 494 494 494 494 494 494 494 495 500 500 500 500 500 500 500 500 500 500 539 539 539 539 539 539 539 539 539 539 544 544 544 544 544 544 544 544 544 544 547 547 547 547 547 547 547 547 547 547 550 550 550 550 550 550 550 550 550 550 599 599 599 599 599 599 599 599 599 599 599 599 599 599 599 599
483 483 483 483 483 483 483 483 489 489 489 489 489 489 489 489 489 489 494 494 494 494 494 494 494 494 495 495 500 500 500 500 500 500 500 500 500 500 539 539 539 539 539 539 539 539 539 539 544 544 544 544 544 544 544 544 544 544 547 547 547 547 547 547 547 547 547 547 550 550 550 550 550 550 550 550 550 550 599 599 599 599 599 599 599 599 599 599 599 599 599 599 599 599
483 483 483 483 483 483 483 483 489 489 489 489 489 489 489 489 489 489 494 494 494 494 494 494 495 495 495 495 500 500 500 500 500 500 500 500 500 500 539 539 539 539 539 539 539 539 539 539 544 544 544 544 544 544 544 544 544 544 547 547 547 547 547 547 547 547 547 547 550 550 550 550 550 550 550 550 550 550 599 599 599 599 599 599 599 599 599 599 599 599 599 599 599 599
482 482 482 482 482 482 482 482 487 487 487 487 487 487 487 487 487 487 492 492 492 492 492 492 493 493 493 493 498 498 498 498 498 498 498 498 498 498 538 538 538 538 538 538 538 538 538 538 543 543 543 543 543 543 543 543 543 543 549 549 549 549 549 549 549 549 549 549 549 549 549 549 549 549 549 549 549 549 598 598 598 598 598 598 598 598 598 598 598 598 598 598 598 598
482 482 482 482 482 482 482 482 487 487 487 487 487 487 487 487 487 487 492 492 492 492 493 493 493 493 493 493 498 498 498 498 498 498 498 498 498 498 538 538 538 538 538 538 538 538 538 538 543 543 543 543 543 543 543 543 543 543 549 549 549 549 549 549 549 549 549 549 549 549 549 549 549 549 549 549 549 549 598 598 598 598 598 598 598 598 598 598 598 598 598 598 598 598
482 482 482 482 482 482 482 482 487 487 487 487 487 487 487 487 487 487 492 492 493 493 493 493 493 493 493 493 498 498 498 498 498 498 498 498 498 498 538 538 538 538 538 538 538 538 538 538 543 543 543 543 543 543 543 543 543 543 549 549 549 549 549 549 549 549 549 549 549 549 549 549 549 549 549 549 549 549 598 598 598 598 598 598 598 598 598 598 598 598 598 598 598 598
482 482 482 482 482 482 482 482 487 487 487 487 487 487 487 487 487 487 492 493 493 493 493 493 493 493 493 493 498 498 498 498 498 498 498 498 498 498 538 538 538 538 538 538 538 538 538 538 543 543 543 543 543 543 543 543 543 543 549 549 549 549 549 549 549 549 549 549 549 549 549 549 549 549 549 549 549 549 598 598 598 598 598 598 598 598 598 598 598 598 598 598 598 598
482 482 482 482 482 482 482 482 487 487 487 487 487 487 487 487 487 488 493 493 493 493 493 493 493 493 493 493 498 498 498 498 498 498 498 498 498 498 538 538 538 538 538 538 538 538 538 538 543 543 543 543 543 543 543 543 543 543 549 549 549 549 549 549 549 549 549 549 549 549 549 549 549 549 549 549 549 549 598 598 598 598 598 598 598 598 598 598 598 598 598 598 598 598
482 482 482 482 482 482 482 482 487 487 487 487 487 487 487 487 488 488 493 493 493 493 493 493 493 493 493 493 498 498 498 498 498 498 498 498 498 498 538 538 538 538 538 538 538 538 538 538 543 543 543 543 543 543 543 543 543 543 549 549 549 549 549 549 549 549 549 549 549 549 549 549 549 549 549 549 549 549 598 598 598 598 598 598 598 598 598 598 598 598 598 598 598 598
482 482 482 482 482 482 482 482 487 487 487 487 487 487 488 488 488 488 493 493 493 493 493 493 493 493 493 493 498 498 498 498 498 498 498 498 498 498 538 538 538 538 538 538 538 538 538 538 543 543 543 543 543 543 543 543 543 543 549 549 549 549 549 549 549 549 549 549 549 549 549 549 549 549 549 549 549 549 598 598 598 598 598 598 598 598 598 598 598 598 598 598 598 598
482 482 482 482 482 482 482 482 487 487 487 487 487 488 488 488 488 488 493 493 493 493 493 493 493 493 493 493 498 498 498 498 498 498 498 498 498 498 538 538 538 538 538 538 538 538 538 538 543 543 543 543 543 543 543 543 543 543 549 549 549 549 549 549 549 549 549 549 549 549 549 549 549 549 549 549 549 549 598 598 598 598 598 598 598 598 598 598 598 598 598 598 598 598
482 482 482 482 482 482 482 482 487 487 487 488 488 488 488 488 488 488 493 493 493 493 493 493 493 493 493 493 498 498 498 498 498 498 498 498 498 498 538 538 538 538 538 538 538 538 538 538 543 543 543 543 543 543 543 543 543 543 549 549 549 549 549 549 549 549 549 549 549 549 549 549 549 549 549 549 549 549 598 598 598 598 598 598 598 598 598 598 598 598 598 598 598 598
482 482 482 482 482 482 482 482 487 488 488 488 488 488 488 488 488 488 493 493 493 493 493 493 493 493 493 493 498 498 498 498 498 498 498 498 498 498 538 538 538 538 538 538 538 538 538 538 543 543 543 543 543 543 543 543 543 543 549 549 549 549 549 549 549 549 549 549 549 549 549 549 549 549 549 549 549 549 598 598 598 598 598 598 598 598 598 598 598 598 598 598 598 598
480 480 480 480 480 480 480 480 485 486 486 486 486 486 486 486 486 486 491 491 491 491 491 491 491 491 491 491 497 497 497 497 497 497 497 497 497 497 537 537 537 537 537 537 537 537 537 537 542 542 542 542 542 542 542 542 542 542 549 549 549 549 549 549 549 549 549 549 549 549 549 549 549 549 549 549 549 549 598 598 598 598 598 598 598 598 598 598 598 598 598 598 598 598
480 480 480 480 480 480 480 481 486 486 486 486 486 486 486 486 486 486 491 491 491 491 491 491 491 491 491 491 497 497 497 497 497 497 497 497 497 497 537 537 537 537 537 537 537 537 537 537 542 542 542 542 542 542 542 542 542 542 549 549 549 549 549 549 549 549 549 549 549 549 549 549 549 549 549 549 549 549 598 598 598 598 598 598 598 598 598 598 598 598 598 598 598 598
480 480 480 480 480 480 481 481 486 486 486 486 486 486 486 486 486 486 491 491 491 491 491 491 491 491 491 491 497 497 497 497 497 497 497 497 497 497 537 537 537 537 537 537 537 537 537 537 542 542 542 542 542 542 542 542 542 542 549 549 549 549 549 549 549 549 549 549 549 549 549 549 549 549 549 549 549 549 598 598 598 598 598 598 598 598 598 598 598 598 598 598 598 598
480 480 480 480 481 481 481 481 486 486 486 486 486 486 486 486 486 486 491 491 491 491 491 491 491 491 491 491 497 497 497 497 497 497 497 497 497 497 537 537 537 537 537 537 537 537 537 537 542 542 542 542 542 542 542 542 542 542 549 549 549 549 549 549 549 549 549 549 549 549 549 549 549 549 549 549 549 549 598 598 598 598 598 598 598 598 598 598 598 598 598 598 598 598
480 480 480 481 481 481 481 481 486 486 486 486 486 486 486 486 486 486 491 491 491 491 491 491 491 491 491 491 497 497 497 497 497 497 497 497 497 497 537 537 537 537 537 537 537 537 537 537 542 542 542 542 542 542 542 542 542 542 549 549 549 549 549 549 549 549 549 549 549 549 549 549 549 549 549 549 549 549 598 598 598 598 598 598 598 598 598 598 598 598 598 598 598 598
480 481 481 481 481 481 481 481 486 486 486 486 486 486 486 486 486 486 491 491 491 491 491 491 491 491 491 491 497 497 497 497 497 497 497 497 497 497 537 537 537 537 537 537 537 537 537 537 542 542 542 542 542 542 542 542 542 542 549 549 549 549 549 549 549 549 549 549 549 549 549 549 549 549 549 549 549 549 598 598 598 598 598 598 598 598 598 598 598 598 598 598 598 598
