tests/data/h2i/de_tol_small/case1/grids/node_dem.dia
NCOLS                 642
NROWS                 706
XLLCORNER         126627.000000000000
YLLCORNER         463947.000000000000
CELLSIZE             0.50
NODATA_VALUE         0
[rows 504 to 545 of 706, columns 94 to 187 of 642]
173 173 173 173 173 173 173 173 173 173 173 173 173 173 173 173 173 173 173 173 173 173 173 173 173 173 241 241 241 241 241 241 241 241 241 241 241 241 241 241 241 241 241 241 241 241 241 241 241 241 241 241 241 241 241 241 241 241 241 241 241 241 241 241 241 241 308 308 308 308 308 308 308 308 308 308 308 308 308 308 308 308 308 308 308 308 310 310 310 310 310 310 310 310
173 173 173 173 173 173 173 173 173 173 173 173 173 173 173 173 173 173 173 173 173 173 173 173 173 173 241 241 241 241 241 241 241 241 241 241 241 241 241 241 241 241 241 241 241 241 241 241 241 241 241 241 241 241 241 241 241 241 241 241 241 241 241 241 241 241 308 308 308 308 308 308 308 308 308 308 308 308 308 308 308 308 308 308 308 308 310 310 310 310 310 310 310 310
170 170 170 170 170 170 172 172 172 172 172 172 172 172 172 172 172 172 172 172 172 172 172 172 172 172 233 233 233 233 233 233 233 233 233 233 233 233 233 233 233 233 233 233 233 233 238 238 238 238 238 238 238 238 238 238 238 238 238 238 238 238 238 238 238 238 291 291 291 291 291 291 291 291 291 291 297 297 297 297 297 297 297 297 297 297 302 302 302 302 302 302 302 302
170 170 170 170 170 170 172 172 172 172 172 172 172 172 172 172 172 172 172 172 172 172 172 172 172 172 233 233 233 233 233 233 233 233 233 233 233 233 233 233 233 233 233 233 233 233 238 238 238 238 238 238 238 238 238 238 238 238 238 238 238 238 238 238 238 238 291 291 291 291 291 291 291 291 291 291 297 297 297 297 297 297 297 297 297 297 302 302 302 302 302 302 302 302
170 170 170 170 170 170 172 172 172 172 172 172 172 172 172 172 172 172 172 172 172 172 172 172 172 172 233 233 233 233 233 233 233 233 233 233 233 233 233 233 233 233 233 233 233 233 238 238 238 238 238 238 238 238 238 238 238 238 238 238 238 238 238 238 238 238 291 291 291 291 291 291 291 291 291 291 297 297 297 297 297 297 297 297 297 297 302 302 302 302 302 302 302 302
170 170 170 170 170 170 172 172 172 172 172 172 172 172 172 172 172 172 172 172 172 172 172 172 172 172 233 233 233 233 233 233 233 233 233 233 233 233 233 233 233 233 233 233 233 233 238 238 238 238 238 238 238 238 238 238 238 238 238 238 238 238 238 238 238 238 291 291 291 291 291 291 291 291 291 291 297 297 297 297 297 297 297 297 297 297 302 302 302 302 302 302 302 302
170 170 170 170 170 170 172 172 172 172 172 172 172 172 172 172 172 172 172 172 172 172 172 172 172 172 233 233 233 233 233 233 233 233 233 233 233 233 233 233 233 233 233 233 233 233 238 238 238 238 238 238 238 238 238 238 238 238 238 238 238 238 238 238 238 238 291 291 291 291 291 291 291 291 291 291 297 297 297 297 297 297 297 297 297 297 302 302 302 302 302 302 302 302
170 170 170 170 170 170 172 172 172 172 172 172 172 172 172 172 172 172 172 172 172 172 172 172 172 172 233 233 233 233 233 233 233 233 233 233 233 233 233 233 233 233 233 233 233 233 238 238 238 238 238 238 238 238 238 238 238 238 238 238 238 238 238 238 238 238 291 291 291 291 291 291 291 291 291 291 297 297 297 297 297 297 297 297 297 297 302 302 302 302 302 302 302 302
170 170 170 170 170 170 172 172 172 172 172 172 172 172 172 172 172 172 172 172 172 172 172 172 172 172 233 233 233 233 233 233 233 233 233 233 233 233 233 233 233 233 233 233 233 233 238 238 238 238 238 238 238 238 238 238 238 238 238 238 238 238 238 238 238 238 291 291 291 291 291 291 291 291 291 291 297 297 297 297 297 297 297 297 297 297 302 302 302 302 302 302 302 302
170 170 170 170 170 170 172 172 172 172 172 172 172 172 172 172 172 172 172 172 172 172 172 172 172 172 233 233 233 233 233 233 233 233 233 233 233 233 233 233 233 233 233 233 233 233 238 238 238 238 238 238 238 238 238 238 238 238 238 238 238 238 238 238 238 238 291 291 291 291 291 291 291 291 291 291 297 297 297 297 297 297 297 297 297 297 302 302 302 302 302 302 302 302
170 170 170 170 170 170 172 172 172 172 172 172 172 172 172 172 172 172 172 172 172 172 172 172 172 172 233 233 233 233 233 233 233 233 233 233 233 233 233 233 233 233 233 233 233 233 238 238 238 238 238 238 238 238 238 238 238 238 238 238 238 238 238 238 238 238 291 291 291 291 291 291 291 291 291 291 297 297 297 297 297 297 297 297 297 297 302 302 302 302 302 302 302 302
170 170 170 170 170 170 172 172 172 172 172 172 172 172 172 172 172 172 172 172 172 172 172 172 172 172 233 233 233 233 233 233 233 233 233 233 233 233 233 233 233 233 233 233 233 233 238 238 238 238 238 238 238 238 238 238 238 238 238 238 238 238 238 238 238 238 291 291 291 291 291 291 291 291 291 291 297 297 297 297 297 297 297 297 297 297 302 302 302 302 302 302 302 302
170 170 170 170 170 170 172 172 172 172 172 172 172 172 172 172 172 172 172 172 172 172 172 172 172 172 233 233 233 233 233 233 233 233 233 233 233 233 233 233 233 233 233 233 233 233 238 238 238 238 238 238 238 238 238 238 238 238 238 238 238 238 238 238 238 238 290 290 290 290 290 290 290 290 290 290 296 296 296 296 296 296 296 296 296 296 301 301 301 301 301 301 301 301
170 170 170 170 170 170 172 172 172 172 172 172 172 172 172 172 172 172 172 172 172 172 172 172 172 172 233 233 233 233 233 233 233 233 233 233 233 233 233 233 233 233 233 233 233 233 238 238 238 238 238 238 238 238 238 238 238 238 238 238 238 238 238 238 238 238 290 290 290 290 290 290 290 290 290 290 296 296 296 296 296 296 296 296 296 296 301 301 301 301 301 301 301 301
170 170 170 170 170 170 172 172 172 172 172 172 172 172 172 172 172 172 172 172 172 172 172 172 172 172 233 233 233 233 233 233 233 233 233 233 233 233 233 233 233 233 233 233 233 233 238 238 238 238 238 238 238 238 238 238 238 238 238 238 238 238 238 238 238 238 290 290 290 290 290 290 290 290 290 290 296 296 296 296 296 296 296 296 296 296 301 301 301 301 301 301 301 301
170 170 170 170 170 170 172 172 172 172 172 172 172 172 172 172 172 172 172 172 172 172 172 172 172 172 233 233 233 233 233 233 233 233 233 233 233 233 233 233 233 233 233 233 233 233 238 238 238 238 238 238 238 238 238 238 238 238 238 238 238 238 238 238 238 238 290 290 290 290 290 290 290 290 290 290 296 296 296 296 296 296 296 296 296 296 301 301 301 301 301 301 301 301
170 170 170 170 170 170 172 172 172 172 172 172 172 172 172 172 172 172 172 172 172 172 172 172 172 172 233 233 233 233 233 233 233 233 233 233 233 233 233 233 233 233 233 233 233 233 238 238 238 238 238 238 238 238 238 238 238 238 238 238 238 238 238 238 238 238 290 290 290 290 290 290 290 290 290 290 296 296 296 296 296 296 296 296 296 296 301 301 301 301 301 301 301 301
170 170 170 170 170 170 172 172 172 172 172 172 172 172 172 172 172 172 172 172 172 172 172 172 172 172 233 233 233 233 233 233 233 233 233 233 233 233 233 233 233 233 233 233 233 233 238 238 238 238 238 238 238 238 238 238 238 238 238 238 238 238 238 238 238 238 290 290 290 290 290 290 290 290 290 290 296 296 296 296 296 296 296 296 296 296 301 301 301 301 301 301 301 301
170 170 170 170 170 170 172 172 172 172 172 172 172 172 172 172 172 172 172 172 172 172 172 172 172 172 233 233 233 233 233 233 233 233 233 233 233 233 233 233 233 233 233 233 233 233 238 238 238 238 238 238 238 238 238 238 238 238 238 238 238 238 238 238 238 238 290 290 290 290 290 290 290 290 290 290 296 296 296 296 296 296 296 296 296 296 301 301 301 301 301 301 301 301
170 170 170 170 170 170 172 172 172 172 172 172 172 172 172 172 172 172 172 172 172 172 172 172 172 172 233 233 233 233 233 233 233 233 233 233 233 233 233 233 233 233 233 233 233 233 238 238 238 238 238 238 238 238 238 238 238 238 238 238 238 238 238 238 238 238 290 290 290 290 290 290 290 290 290 290 296 296 296 296 296 296 296 296 296 296 301 301 301 301 301 301 301 301
170 170 170 170 170 170 172 172 172 172 172 172 172 172 172 172 172 172 172 172 172 172 172 172 172 172 233 233 233 233 233 233 233 233 233 233 233 233 233 233 233 233 233 233 233 233 238 238 238 238 238 238 238 238 238 238 238 238 238 238 238 238 238 238 238 238 290 290 290 290 290 290 290 290 290 290 296 296 296 296 296 296 296 296 296 296 301 301 301 301 301 301 301 301
170 170 170 170 170 170 172 172 172 172 172 172 172 172 172 172 172 172 172 172 172 172 172 172 172 172 233 233 233 233 233 233 233 233 233 233 233 233 233 233 233 233 233 233 233 233 238 238 238 238 238 238 238 238 238 238 238 238 238 238 238 238 238 238 238 238 290 290 290 290 290 290 290 290 290 290 296 296 296 296 296 296 296 296 296 296 301 301 301 301 301 301 301 301
169 169 169 169 169 169 171 171 171 171 171 171 171 171 171 171 171 171 171 171 171 171 171 171 171 171 232 232 232 232 232 232 232 232 232 232 235 235 235 235 235 235 235 235 235 235 237 237 237 237 237 237 237 237 237 237 240 240 240 240 240 240 240 240 240 240 289 289 289 289 289 289 289 289 289 289 294 294 294 294 294 294 294 294 294 294 299 299 299 299 299 299 299 299
169 169 169 169 169 169 171 171 171 171 171 171 171 171 171 171 171 171 171 171 171 171 171 171 171 171 232 232 232 232 232 232 232 232 232 232 235 235 235 235 235 235 235 235 235 235 237 237 237 237 237 237 237 237 237 237 240 240 240 240 240 240 240 240 240 240 289 289 289 289 289 289 289 289 289 289 294 294 294 294 294 294 294 294 294 294 299 299 299 299 299 299 299 300
169 169 169 169 169 169 171 171 171 171 171 171 171 171 171 171 171 171 171 171 171 171 171 171 171 171 232 232 232 232 232 232 232 232 232 232 235 235 235 235 235 235 235 235 235 235 237 237 237 237 237 237 237 237 237 237 240 240 240 240 240 240 240 240 240 240 289 289 289 289 289 289 289 289 289 289 294 294 294 294 294 294 294 294 294 294 299 299 299 299 299 300 300 300
169 169 169 169 169 169 171 171 171 171 171 171 171 171 171 171 171 171 171 171 171 171 171 171 171 171 232 232 232 232 232 232 232 232 232 232 235 235 235 235 235 235 235 235 235 235 237 237 237 237 237 237 237 237 237 237 240 240 240 240 240 240 240 240 240 240 289 289 289 289 289 289 289 289 289 289 294 294 294 294 294 294 294 294 294 294 299 299 299 299 300 300 300 300
169 169 169 169 169 169 171 171 171 171 171 171 171 171 171 171 171 171 171 171 171 171 171 171 171 171 232 232 232 232 232 232 232 232 232 232 235 235 235 235 235 235 235 235 235 235 237 237 237 237 237 237 237 237 237 237 240 240 240 240 240 240 240 240 240 240 289 289 289 289 289 289 289 289 289 289 294 294 294 294 294 294 294 294 294 294 299 299 300 300 300 300 300 300
169 169 169 169 169 169 171 171 171 171 171 171 171 171 171 171 171 171 171 171 171 171 171 171 171 171 232 232 232 232 232 232 232 232 232 232 235 235 235 235 235 235 235 235 235 235 237 237 237 237 237 237 237 237 237 237 240 240 240 240 240 240 240 240 240 240 289 289 289 289 289 289 289 289 289 289 294 294 294 294 294 294 294 294 294 294 299 300 300 300 300 300 300 300
169 169 169 169 169 169 171 171 171 171 171 171 171 171 171 171 171 171 171 171 171 171 171 171 171 171 232 232 232 232 232 232 232 232 232 232 235 235 235 235 235 235 235 235 235 235 237 237 237 237 237 237 237 237 237 237 240 240 240 240 240 240 240 240 240 240 289 289 289 289 289 289 289 289 289 289 294 294 294 294 294 294 294 294 294 295 300 300 300 300 300 300 300 300
169 169 169 169 169 169 171 171 171 171 171 171 171 171 171 171 171 171 171 171 171 171 171 171 171 171 232 232 232 232 232 232 232 232 232 232 235 235 235 235 235 235 235 235 235 235 237 237 237 237 237 237 237 237 237 237 240 240 240 240 240 240 240 240 240 240 289 289 289 289 289 289 289 289 289 289 294 294 294 294 294 294 294 294 295 295 300 300 300 300 300 300 300 300
169 169 169 169 169 169 171 171 171 171 171 171 171 171 171 171 171 171 171 171 171 171 171 171 171 171 232 232 232 232 232 232 232 232 232 232 235 235 235 235 235 235 235 235 235 235 237 237 237 237 237 237 237 237 237 237 240 240 240 240 240 240 240 240 240 240 289 289 289 289 289 289 289 289 289 289 294 294 294 294 294 294 294 295 295 295 300 300 300 300 300 300 300 300
169 169 169 169 169 169 171 171 171 171 171 171 171 171 171 171 171 171 171 171 171 171 171 171 171 171 232 232 232 232 232 232 232 232 232 232 235 235 235 235 235 235 235 235 235 235 237 237 237 237 237 237 237 237 237 237 240 240 240 240 240 240 240 240 240 240 289 289 289 289 289 289 289 289 289 289 294 294 294 294 295 295 295 295 295 295 300 300 300 300 300 300 300 300
169 169 169 169 169 169 171 171 171 171 171 171 171 171 171 171 171 171 171 171 171 171 171 171 171 171 231 231 231 231 231 231 231 231 231 231 234 234 234 234 234 234 234 234 234 234 236 236 236 236 236 236 236 236 236 236 239 239 239 239 239 239 239 239 239 239 287 287 287 287 287 287 287 287 287 287 292 292 292 292 293 293 293 293 293 293 298 298 298 298 298 298 298 298
169 169 169 169 169 169 171 171 171 171 171 171 171 171 171 171 171 171 171 171 171 171 171 171 171 171 231 231 231 231 231 231 231 231 231 231 234 234 234 234 234 234 234 234 234 234 236 236 236 236 236 236 236 236 236 236 239 239 239 239 239 239 239 239 239 239 287 287 287 287 287 287 287 287 287 287 292 292 293 293 293 293 293 293 293 293 298 298 298 298 298 298 298 298
169 169 169 169 169 169 171 171 171 171 171 171 171 171 171 171 171 171 171 171 171 171 171 171 171 171 231 231 231 231 231 231 231 231 231 231 234 234 234 234 234 234 234 234 234 234 236 236 236 236 236 236 236 236 236 236 239 239 239 239 239 239 239 239 239 239 287 287 287 287 287 287 287 287 287 287 292 293 293 293 293 293 293 293 293 293 298 298 298 298 298 298 298 298
169 169 169 169 169 169 171 171 171 171 171 171 171 171 171 171 171 171 171 171 171 171 171 171 171 171 231 231 231 231 231 231 231 231 231 231 234 234 234 234 234 234 234 234 234 234 236 236 236 236 236 236 236 236 236 236 239 239 239 239 239 239 239 239 239 239 287 287 287 287 287 287 287 287 287 288 293 293 293 293 293 293 293 293 293 293 298 298 298 298 298 298 298 298
169 169 169 169 169 169 171 171 171 171 171 171 171 171 171 171 171 171 171 171 171 171 171 171 171 171 231 231 231 231 231 231 231 231 231 231 234 234 234 234 234 234 234 234 234 234 236 236 236 236 236 236 236 236 236 236 239 239 239 239 239 239 239 239 239 239 287 287 287 287 287 287 287 287 288 288 293 293 293 293 293 293 293 293 293 293 298 298 298 298 298 298 298 298
169 169 169 169 169 169 171 171 171 171 171 171 171 171 171 171 171 171 171 171 171 171 171 171 171 171 231 231 231 231 231 231 231 231 231 231 234 234 234 234 234 234 234 234 234 234 236 236 236 236 236 236 236 236 236 236 239 239 239 239 239 239 239 239 239 239 287 287 287 287 287 287 288 288 288 288 293 293 293 293 293 293 293 293 293 293 298 298 298 298 298 298 298 298
169 169 169 169 169 169 171 171 171 171 171 171 171 171 171 171 171 171 171 171 171 171 171 171 171 171 231 231 231 231 231 231 231 231 231 231 234 234 234 234 234 234 234 234 234 234 236 236 236 236 236 236 236 236 236 236 239 239 239 239 239 239 239 239 239 239 287 287 287 287 287 288 288 288 288 288 293 293 293 293 293 293 293 293 293 293 298 298 298 298 298 298 298 298
169 169 169 169 169 169 171 171 171 171 171 171 171 171 171 171 171 171 171 171 171 171 171 171 171 171 231 231 231 231 231 231 231 231 231 231 234 234 234 234 234 234 234 234 234 234 236 236 236 236 236 236 236 236 236 236 239 239 239 239 239 239 239 239 239 239 287 287 287 288 288 288 288 288 288 288 293 293 293 293 293 293 293 293 293 293 298 298 298 298 298 298 298 298
169 169 169 169 169 169 171 171 171 171 171 171 171 171 171 171 171 171 171 171 171 171 171 171 171 171 231 231 231 231 231 231 231 231 231 231 234 234 234 234 234 234 234 234 234 234 236 236 236 236 236 236 236 236 236 236 239 239 239 239 239 239 239 239 239 239 287 287 288 288 288 288 288 288 288 288 293 293 293 293 293 293 293 293 293 293 298 298 298 298 298 298 298 298
169 169 169 169 169 169 171 171 171 171 171 171 171 171 171 171 171 171 171 171 171 171 171 171 171 171 231 231 231 231 231 231 231 231 231 231 234 234 234 234 234 234 234 234 234 234 236 236 236 236 236 236 236 236 236 236 239 239 239 239 239 239 239 239 239 239 288 288 288 288 288 288 288 288 288 288 293 293 293 293 293 293 293 293 293 293 298 298 298 298 298 298 298 298
